{
 "cells": [
  {
   "cell_type": "code",
   "execution_count": 2,
   "metadata": {},
   "outputs": [],
   "source": [
    "import pandas as pd"
   ]
  },
  {
   "cell_type": "code",
   "execution_count": 3,
   "metadata": {},
   "outputs": [],
   "source": [
    "df = pd.read_csv('data/heart.csv')"
   ]
  },
  {
   "cell_type": "code",
   "execution_count": 4,
   "metadata": {},
   "outputs": [
    {
     "data": {
      "text/html": [
       "<div>\n",
       "<style scoped>\n",
       "    .dataframe tbody tr th:only-of-type {\n",
       "        vertical-align: middle;\n",
       "    }\n",
       "\n",
       "    .dataframe tbody tr th {\n",
       "        vertical-align: top;\n",
       "    }\n",
       "\n",
       "    .dataframe thead th {\n",
       "        text-align: right;\n",
       "    }\n",
       "</style>\n",
       "<table border=\"1\" class=\"dataframe\">\n",
       "  <thead>\n",
       "    <tr style=\"text-align: right;\">\n",
       "      <th></th>\n",
       "      <th>age</th>\n",
       "      <th>sex</th>\n",
       "      <th>cp</th>\n",
       "      <th>trestbps</th>\n",
       "      <th>Chol</th>\n",
       "      <th>fbs</th>\n",
       "      <th>restecg000</th>\n",
       "      <th>thalach</th>\n",
       "      <th>exang</th>\n",
       "      <th>Oldpeak</th>\n",
       "      <th>slope</th>\n",
       "      <th>ca</th>\n",
       "      <th>thal</th>\n",
       "      <th>target000</th>\n",
       "    </tr>\n",
       "  </thead>\n",
       "  <tbody>\n",
       "    <tr>\n",
       "      <td>0</td>\n",
       "      <td>63</td>\n",
       "      <td>1</td>\n",
       "      <td>3</td>\n",
       "      <td>145.0</td>\n",
       "      <td>233.0</td>\n",
       "      <td>1</td>\n",
       "      <td>0</td>\n",
       "      <td>150</td>\n",
       "      <td>0</td>\n",
       "      <td>2.3</td>\n",
       "      <td>0</td>\n",
       "      <td>0</td>\n",
       "      <td>1</td>\n",
       "      <td>1</td>\n",
       "    </tr>\n",
       "    <tr>\n",
       "      <td>1</td>\n",
       "      <td>37</td>\n",
       "      <td>1</td>\n",
       "      <td>2</td>\n",
       "      <td>130.0</td>\n",
       "      <td>250.0</td>\n",
       "      <td>0</td>\n",
       "      <td>1</td>\n",
       "      <td>187</td>\n",
       "      <td>0</td>\n",
       "      <td>3.5</td>\n",
       "      <td>0</td>\n",
       "      <td>0</td>\n",
       "      <td>2</td>\n",
       "      <td>1</td>\n",
       "    </tr>\n",
       "  </tbody>\n",
       "</table>\n",
       "</div>"
      ],
      "text/plain": [
       "   age  sex  cp  trestbps   Chol  fbs  restecg000  thalach  exang  Oldpeak  \\\n",
       "0   63    1   3     145.0  233.0    1           0      150      0      2.3   \n",
       "1   37    1   2     130.0  250.0    0           1      187      0      3.5   \n",
       "\n",
       "   slope  ca  thal  target000  \n",
       "0      0   0     1          1  \n",
       "1      0   0     2          1  "
      ]
     },
     "execution_count": 4,
     "metadata": {},
     "output_type": "execute_result"
    }
   ],
   "source": [
    "df.head(2)"
   ]
  },
  {
   "cell_type": "code",
   "execution_count": 5,
   "metadata": {},
   "outputs": [
    {
     "name": "stdout",
     "output_type": "stream",
     "text": [
      "<class 'pandas.core.frame.DataFrame'>\n",
      "RangeIndex: 303 entries, 0 to 302\n",
      "Data columns (total 14 columns):\n",
      "age           303 non-null int64\n",
      "sex           303 non-null int64\n",
      "cp            303 non-null int64\n",
      "trestbps      302 non-null float64\n",
      "Chol          302 non-null float64\n",
      "fbs           303 non-null int64\n",
      "restecg000    303 non-null int64\n",
      "thalach       303 non-null int64\n",
      "exang         303 non-null int64\n",
      "Oldpeak       303 non-null float64\n",
      "slope         303 non-null int64\n",
      "ca            303 non-null int64\n",
      "thal          303 non-null int64\n",
      "target000     303 non-null int64\n",
      "dtypes: float64(3), int64(11)\n",
      "memory usage: 33.3 KB\n"
     ]
    }
   ],
   "source": [
    "df.info()"
   ]
  },
  {
   "cell_type": "code",
   "execution_count": 6,
   "metadata": {},
   "outputs": [
    {
     "data": {
      "text/html": [
       "<div>\n",
       "<style scoped>\n",
       "    .dataframe tbody tr th:only-of-type {\n",
       "        vertical-align: middle;\n",
       "    }\n",
       "\n",
       "    .dataframe tbody tr th {\n",
       "        vertical-align: top;\n",
       "    }\n",
       "\n",
       "    .dataframe thead th {\n",
       "        text-align: right;\n",
       "    }\n",
       "</style>\n",
       "<table border=\"1\" class=\"dataframe\">\n",
       "  <thead>\n",
       "    <tr style=\"text-align: right;\">\n",
       "      <th></th>\n",
       "      <th>age</th>\n",
       "      <th>sex</th>\n",
       "      <th>cp</th>\n",
       "      <th>trestbps</th>\n",
       "      <th>Chol</th>\n",
       "      <th>fbs</th>\n",
       "      <th>restecg000</th>\n",
       "      <th>thalach</th>\n",
       "      <th>exang</th>\n",
       "      <th>Oldpeak</th>\n",
       "      <th>slope</th>\n",
       "      <th>ca</th>\n",
       "      <th>thal</th>\n",
       "      <th>target000</th>\n",
       "    </tr>\n",
       "  </thead>\n",
       "  <tbody>\n",
       "    <tr>\n",
       "      <td>age</td>\n",
       "      <td>1.000000</td>\n",
       "      <td>-0.098447</td>\n",
       "      <td>-0.068653</td>\n",
       "      <td>0.278603</td>\n",
       "      <td>0.210184</td>\n",
       "      <td>0.121308</td>\n",
       "      <td>-0.116211</td>\n",
       "      <td>-0.398522</td>\n",
       "      <td>0.096801</td>\n",
       "      <td>0.210013</td>\n",
       "      <td>-0.168814</td>\n",
       "      <td>0.276326</td>\n",
       "      <td>0.068001</td>\n",
       "      <td>-0.225439</td>\n",
       "    </tr>\n",
       "    <tr>\n",
       "      <td>sex</td>\n",
       "      <td>-0.098447</td>\n",
       "      <td>1.000000</td>\n",
       "      <td>-0.049353</td>\n",
       "      <td>-0.060256</td>\n",
       "      <td>-0.203467</td>\n",
       "      <td>0.045032</td>\n",
       "      <td>-0.058196</td>\n",
       "      <td>-0.044020</td>\n",
       "      <td>0.141664</td>\n",
       "      <td>0.096093</td>\n",
       "      <td>-0.030711</td>\n",
       "      <td>0.118261</td>\n",
       "      <td>0.210041</td>\n",
       "      <td>-0.280937</td>\n",
       "    </tr>\n",
       "    <tr>\n",
       "      <td>cp</td>\n",
       "      <td>-0.068653</td>\n",
       "      <td>-0.049353</td>\n",
       "      <td>1.000000</td>\n",
       "      <td>0.049931</td>\n",
       "      <td>-0.076916</td>\n",
       "      <td>0.094444</td>\n",
       "      <td>0.044421</td>\n",
       "      <td>0.295762</td>\n",
       "      <td>-0.394280</td>\n",
       "      <td>-0.149230</td>\n",
       "      <td>0.119717</td>\n",
       "      <td>-0.181053</td>\n",
       "      <td>-0.161736</td>\n",
       "      <td>0.433798</td>\n",
       "    </tr>\n",
       "    <tr>\n",
       "      <td>trestbps</td>\n",
       "      <td>0.278603</td>\n",
       "      <td>-0.060256</td>\n",
       "      <td>0.049931</td>\n",
       "      <td>1.000000</td>\n",
       "      <td>0.118069</td>\n",
       "      <td>0.176793</td>\n",
       "      <td>-0.112359</td>\n",
       "      <td>-0.045938</td>\n",
       "      <td>0.066186</td>\n",
       "      <td>0.194496</td>\n",
       "      <td>-0.123077</td>\n",
       "      <td>0.099976</td>\n",
       "      <td>0.061154</td>\n",
       "      <td>-0.143224</td>\n",
       "    </tr>\n",
       "    <tr>\n",
       "      <td>Chol</td>\n",
       "      <td>0.210184</td>\n",
       "      <td>-0.203467</td>\n",
       "      <td>-0.076916</td>\n",
       "      <td>0.118069</td>\n",
       "      <td>1.000000</td>\n",
       "      <td>0.012025</td>\n",
       "      <td>-0.148677</td>\n",
       "      <td>-0.007480</td>\n",
       "      <td>0.065017</td>\n",
       "      <td>0.051324</td>\n",
       "      <td>-0.001025</td>\n",
       "      <td>0.071441</td>\n",
       "      <td>0.097402</td>\n",
       "      <td>-0.082648</td>\n",
       "    </tr>\n",
       "    <tr>\n",
       "      <td>fbs</td>\n",
       "      <td>0.121308</td>\n",
       "      <td>0.045032</td>\n",
       "      <td>0.094444</td>\n",
       "      <td>0.176793</td>\n",
       "      <td>0.012025</td>\n",
       "      <td>1.000000</td>\n",
       "      <td>-0.084189</td>\n",
       "      <td>-0.008567</td>\n",
       "      <td>0.025665</td>\n",
       "      <td>0.005747</td>\n",
       "      <td>-0.059894</td>\n",
       "      <td>0.137979</td>\n",
       "      <td>-0.032019</td>\n",
       "      <td>-0.028046</td>\n",
       "    </tr>\n",
       "    <tr>\n",
       "      <td>restecg000</td>\n",
       "      <td>-0.116211</td>\n",
       "      <td>-0.058196</td>\n",
       "      <td>0.044421</td>\n",
       "      <td>-0.112359</td>\n",
       "      <td>-0.148677</td>\n",
       "      <td>-0.084189</td>\n",
       "      <td>1.000000</td>\n",
       "      <td>0.044123</td>\n",
       "      <td>-0.070733</td>\n",
       "      <td>-0.058770</td>\n",
       "      <td>0.093045</td>\n",
       "      <td>-0.072042</td>\n",
       "      <td>-0.011981</td>\n",
       "      <td>0.137230</td>\n",
       "    </tr>\n",
       "    <tr>\n",
       "      <td>thalach</td>\n",
       "      <td>-0.398522</td>\n",
       "      <td>-0.044020</td>\n",
       "      <td>0.295762</td>\n",
       "      <td>-0.045938</td>\n",
       "      <td>-0.007480</td>\n",
       "      <td>-0.008567</td>\n",
       "      <td>0.044123</td>\n",
       "      <td>1.000000</td>\n",
       "      <td>-0.378812</td>\n",
       "      <td>-0.344187</td>\n",
       "      <td>0.386784</td>\n",
       "      <td>-0.213177</td>\n",
       "      <td>-0.096439</td>\n",
       "      <td>0.421741</td>\n",
       "    </tr>\n",
       "    <tr>\n",
       "      <td>exang</td>\n",
       "      <td>0.096801</td>\n",
       "      <td>0.141664</td>\n",
       "      <td>-0.394280</td>\n",
       "      <td>0.066186</td>\n",
       "      <td>0.065017</td>\n",
       "      <td>0.025665</td>\n",
       "      <td>-0.070733</td>\n",
       "      <td>-0.378812</td>\n",
       "      <td>1.000000</td>\n",
       "      <td>0.288223</td>\n",
       "      <td>-0.257748</td>\n",
       "      <td>0.115739</td>\n",
       "      <td>0.206754</td>\n",
       "      <td>-0.436757</td>\n",
       "    </tr>\n",
       "    <tr>\n",
       "      <td>Oldpeak</td>\n",
       "      <td>0.210013</td>\n",
       "      <td>0.096093</td>\n",
       "      <td>-0.149230</td>\n",
       "      <td>0.194496</td>\n",
       "      <td>0.051324</td>\n",
       "      <td>0.005747</td>\n",
       "      <td>-0.058770</td>\n",
       "      <td>-0.344187</td>\n",
       "      <td>0.288223</td>\n",
       "      <td>1.000000</td>\n",
       "      <td>-0.577537</td>\n",
       "      <td>0.222682</td>\n",
       "      <td>0.210244</td>\n",
       "      <td>-0.430696</td>\n",
       "    </tr>\n",
       "    <tr>\n",
       "      <td>slope</td>\n",
       "      <td>-0.168814</td>\n",
       "      <td>-0.030711</td>\n",
       "      <td>0.119717</td>\n",
       "      <td>-0.123077</td>\n",
       "      <td>-0.001025</td>\n",
       "      <td>-0.059894</td>\n",
       "      <td>0.093045</td>\n",
       "      <td>0.386784</td>\n",
       "      <td>-0.257748</td>\n",
       "      <td>-0.577537</td>\n",
       "      <td>1.000000</td>\n",
       "      <td>-0.080155</td>\n",
       "      <td>-0.104764</td>\n",
       "      <td>0.345877</td>\n",
       "    </tr>\n",
       "    <tr>\n",
       "      <td>ca</td>\n",
       "      <td>0.276326</td>\n",
       "      <td>0.118261</td>\n",
       "      <td>-0.181053</td>\n",
       "      <td>0.099976</td>\n",
       "      <td>0.071441</td>\n",
       "      <td>0.137979</td>\n",
       "      <td>-0.072042</td>\n",
       "      <td>-0.213177</td>\n",
       "      <td>0.115739</td>\n",
       "      <td>0.222682</td>\n",
       "      <td>-0.080155</td>\n",
       "      <td>1.000000</td>\n",
       "      <td>0.151832</td>\n",
       "      <td>-0.391724</td>\n",
       "    </tr>\n",
       "    <tr>\n",
       "      <td>thal</td>\n",
       "      <td>0.068001</td>\n",
       "      <td>0.210041</td>\n",
       "      <td>-0.161736</td>\n",
       "      <td>0.061154</td>\n",
       "      <td>0.097402</td>\n",
       "      <td>-0.032019</td>\n",
       "      <td>-0.011981</td>\n",
       "      <td>-0.096439</td>\n",
       "      <td>0.206754</td>\n",
       "      <td>0.210244</td>\n",
       "      <td>-0.104764</td>\n",
       "      <td>0.151832</td>\n",
       "      <td>1.000000</td>\n",
       "      <td>-0.344029</td>\n",
       "    </tr>\n",
       "    <tr>\n",
       "      <td>target000</td>\n",
       "      <td>-0.225439</td>\n",
       "      <td>-0.280937</td>\n",
       "      <td>0.433798</td>\n",
       "      <td>-0.143224</td>\n",
       "      <td>-0.082648</td>\n",
       "      <td>-0.028046</td>\n",
       "      <td>0.137230</td>\n",
       "      <td>0.421741</td>\n",
       "      <td>-0.436757</td>\n",
       "      <td>-0.430696</td>\n",
       "      <td>0.345877</td>\n",
       "      <td>-0.391724</td>\n",
       "      <td>-0.344029</td>\n",
       "      <td>1.000000</td>\n",
       "    </tr>\n",
       "  </tbody>\n",
       "</table>\n",
       "</div>"
      ],
      "text/plain": [
       "                 age       sex        cp  trestbps      Chol       fbs  \\\n",
       "age         1.000000 -0.098447 -0.068653  0.278603  0.210184  0.121308   \n",
       "sex        -0.098447  1.000000 -0.049353 -0.060256 -0.203467  0.045032   \n",
       "cp         -0.068653 -0.049353  1.000000  0.049931 -0.076916  0.094444   \n",
       "trestbps    0.278603 -0.060256  0.049931  1.000000  0.118069  0.176793   \n",
       "Chol        0.210184 -0.203467 -0.076916  0.118069  1.000000  0.012025   \n",
       "fbs         0.121308  0.045032  0.094444  0.176793  0.012025  1.000000   \n",
       "restecg000 -0.116211 -0.058196  0.044421 -0.112359 -0.148677 -0.084189   \n",
       "thalach    -0.398522 -0.044020  0.295762 -0.045938 -0.007480 -0.008567   \n",
       "exang       0.096801  0.141664 -0.394280  0.066186  0.065017  0.025665   \n",
       "Oldpeak     0.210013  0.096093 -0.149230  0.194496  0.051324  0.005747   \n",
       "slope      -0.168814 -0.030711  0.119717 -0.123077 -0.001025 -0.059894   \n",
       "ca          0.276326  0.118261 -0.181053  0.099976  0.071441  0.137979   \n",
       "thal        0.068001  0.210041 -0.161736  0.061154  0.097402 -0.032019   \n",
       "target000  -0.225439 -0.280937  0.433798 -0.143224 -0.082648 -0.028046   \n",
       "\n",
       "            restecg000   thalach     exang   Oldpeak     slope        ca  \\\n",
       "age          -0.116211 -0.398522  0.096801  0.210013 -0.168814  0.276326   \n",
       "sex          -0.058196 -0.044020  0.141664  0.096093 -0.030711  0.118261   \n",
       "cp            0.044421  0.295762 -0.394280 -0.149230  0.119717 -0.181053   \n",
       "trestbps     -0.112359 -0.045938  0.066186  0.194496 -0.123077  0.099976   \n",
       "Chol         -0.148677 -0.007480  0.065017  0.051324 -0.001025  0.071441   \n",
       "fbs          -0.084189 -0.008567  0.025665  0.005747 -0.059894  0.137979   \n",
       "restecg000    1.000000  0.044123 -0.070733 -0.058770  0.093045 -0.072042   \n",
       "thalach       0.044123  1.000000 -0.378812 -0.344187  0.386784 -0.213177   \n",
       "exang        -0.070733 -0.378812  1.000000  0.288223 -0.257748  0.115739   \n",
       "Oldpeak      -0.058770 -0.344187  0.288223  1.000000 -0.577537  0.222682   \n",
       "slope         0.093045  0.386784 -0.257748 -0.577537  1.000000 -0.080155   \n",
       "ca           -0.072042 -0.213177  0.115739  0.222682 -0.080155  1.000000   \n",
       "thal         -0.011981 -0.096439  0.206754  0.210244 -0.104764  0.151832   \n",
       "target000     0.137230  0.421741 -0.436757 -0.430696  0.345877 -0.391724   \n",
       "\n",
       "                thal  target000  \n",
       "age         0.068001  -0.225439  \n",
       "sex         0.210041  -0.280937  \n",
       "cp         -0.161736   0.433798  \n",
       "trestbps    0.061154  -0.143224  \n",
       "Chol        0.097402  -0.082648  \n",
       "fbs        -0.032019  -0.028046  \n",
       "restecg000 -0.011981   0.137230  \n",
       "thalach    -0.096439   0.421741  \n",
       "exang       0.206754  -0.436757  \n",
       "Oldpeak     0.210244  -0.430696  \n",
       "slope      -0.104764   0.345877  \n",
       "ca          0.151832  -0.391724  \n",
       "thal        1.000000  -0.344029  \n",
       "target000  -0.344029   1.000000  "
      ]
     },
     "execution_count": 6,
     "metadata": {},
     "output_type": "execute_result"
    }
   ],
   "source": [
    "df.corr()"
   ]
  },
  {
   "cell_type": "code",
   "execution_count": null,
   "metadata": {},
   "outputs": [],
   "source": []
  },
  {
   "cell_type": "code",
   "execution_count": null,
   "metadata": {},
   "outputs": [],
   "source": []
  }
 ],
 "metadata": {
  "kernelspec": {
   "display_name": "Python 3",
   "language": "python",
   "name": "python3"
  },
  "language_info": {
   "codemirror_mode": {
    "name": "ipython",
    "version": 3
   },
   "file_extension": ".py",
   "mimetype": "text/x-python",
   "name": "python",
   "nbconvert_exporter": "python",
   "pygments_lexer": "ipython3",
   "version": "3.6.8"
  }
 },
 "nbformat": 4,
 "nbformat_minor": 2
}
